*FILE TYPE =     8

Scattering properties averaged across each band

   Block =     1
   Type of scatterer =     1   Aerosol             
   Index of component =     6   Sulphuric Acid      

   Number density   =  9.99966E+07 m-3:
   Character. Dim.  =  2.80100E-08 m:
   Volume fraction  =  2.67458E-15

Band        Absorption          Scattering          Phase fnc.
              (m-1)               (m-1)   
    1     2.078303604E-15     2.339501758E-08     5.382748700E-01

    2     2.063015422E-15     2.310981005E-08     5.375325150E-01

    3     2.034184540E-15     2.257195768E-08     5.360815135E-01

    4     2.005082497E-15     2.202904672E-08     5.345450082E-01

    5     1.972719849E-15     2.142530776E-08     5.327449075E-01

    6     1.947426313E-15     2.095344610E-08     5.312657905E-01

    7     1.919548071E-15     2.043336565E-08     5.295563832E-01

    8     1.892756864E-15     1.993356430E-08     5.278295797E-01

    9     1.859914527E-15     1.932087655E-08     5.255908699E-01

   10     1.833312111E-15     1.882459717E-08     5.236706804E-01

   11     1.804252729E-15     1.828248205E-08     5.214540104E-01

   12     1.780988342E-15     1.784847502E-08     5.195823335E-01

   13     1.746750706E-15     1.720975737E-08     5.166561374E-01

   14     1.716897222E-15     1.665282793E-08     5.139214492E-01

   15     1.690492806E-15     1.616024235E-08     5.113456251E-01

   16     1.664420689E-15     1.567385592E-08     5.086433590E-01

   17     1.633356239E-15     1.509433540E-08     5.051962950E-01

   18     1.600273607E-15     1.447716485E-08     5.012218357E-01

   19     1.576700322E-15     1.403739520E-08     4.981765672E-01

   20     1.545908558E-15     1.346296175E-08     4.938991367E-01

   21     1.520432613E-15     1.303495977E-08     4.910967242E-01

   22     1.486202522E-15     1.252787267E-08     4.885752757E-01

   23     1.463253356E-15     1.218790203E-08     4.867673121E-01

   24     1.433149854E-15     1.174194654E-08     4.842369829E-01

   25     1.399719179E-15     1.124670204E-08     4.811918312E-01

   26     1.376840731E-15     1.090777904E-08     4.789484964E-01

   27     1.354796729E-15     1.058121756E-08     4.766510386E-01

   28     1.319060385E-15     1.005181672E-08     4.726093860E-01

   29     1.293156925E-15     9.668080955E-09     4.694031019E-01

   30     1.267779179E-15     9.292133161E-09     4.660050782E-01

   31     1.230554023E-15     8.740676954E-09     4.604918610E-01

   32     1.211195511E-15     8.453898520E-09     4.573404942E-01

   33     1.182798413E-15     8.033221821E-09     4.523106304E-01

   34     1.151930486E-15     7.597250405E-09     4.469600566E-01

   35     1.126193879E-15     7.284620986E-09     4.439039076E-01

   36     1.099959818E-15     6.969298342E-09     4.406377167E-01

   37     1.071052255E-15     6.621841307E-09     4.366784412E-01

   38     1.048911176E-15     6.355714622E-09     4.333531653E-01

   39     1.015956802E-15     5.959616569E-09     4.278539283E-01

   40     9.926754758E-16     5.679784589E-09     4.235065284E-01

   41     9.738365548E-16     5.453348492E-09     4.196620894E-01

   42     9.632729467E-16     5.325116004E-09     4.173944210E-01

   43     9.550841033E-16     5.211849011E-09     4.159037620E-01

   44     9.486224249E-16     5.117766304E-09     4.147990202E-01

   45     9.413867819E-16     5.012414593E-09     4.135127345E-01

   46     9.345162209E-16     4.912378512E-09     4.122402833E-01

   47     9.275284286E-16     4.810635533E-09     4.108918377E-01

   48     9.206043222E-16     4.709819827E-09     4.094982165E-01

   49     9.134021193E-16     4.604955005E-09     4.079838765E-01

   50     9.075826662E-16     4.520223165E-09     4.067089514E-01

   51     8.991160049E-16     4.396947700E-09     4.047663274E-01

   52     8.930388492E-16     4.308463683E-09     4.033034283E-01

   53     8.860292492E-16     4.206403181E-09     4.015396352E-01

   54     8.787853222E-16     4.100930853E-09     3.996246366E-01

   55     8.721998492E-16     4.005045684E-09     3.977961795E-01

   56     8.654119734E-16     3.906213510E-09     3.958175787E-01

   57     8.578863056E-16     3.796639006E-09     3.935035033E-01

   58     8.510372894E-16     3.696916622E-09     3.912782627E-01

   59     8.447389865E-16     3.605212679E-09     3.891232951E-01

   60     8.375925742E-16     3.501160174E-09     3.865414336E-01

   61     8.304688727E-16     3.397438343E-09     3.838103822E-01

   62     8.228460416E-16     3.286449131E-09     3.806970494E-01

   63     8.178813884E-16     3.214163267E-09     3.785537551E-01

   64     8.093524336E-16     3.089980802E-09     3.746376004E-01

   65     8.012111787E-16     2.971443286E-09     3.705941151E-01

   66     7.952088083E-16     2.910748129E-09     3.689075150E-01

   67     7.874641468E-16     2.849433668E-09     3.676095386E-01

   68     7.792258592E-16     2.784211169E-09     3.661660819E-01

   69     7.712712590E-16     2.721234624E-09     3.647066705E-01

   70     7.633782399E-16     2.658745616E-09     3.631902212E-01

   71     7.556333424E-16     2.597429286E-09     3.616313053E-01

   72     7.474974777E-16     2.533017670E-09     3.599124105E-01

   73     7.397261077E-16     2.471491758E-09     3.581868597E-01

   74     7.321805400E-16     2.411753522E-09     3.564272054E-01

   75     7.232306439E-16     2.340897221E-09     3.542236181E-01

   76     7.157093035E-16     2.281350793E-09     3.522659081E-01

   77     7.075698444E-16     2.216910720E-09     3.500288214E-01

   78     6.999434192E-16     2.156532335E-09     3.478114197E-01

   79     6.916809401E-16     2.091118313E-09     3.452645700E-01

   80     6.841081013E-16     2.031164172E-09     3.427862201E-01

   81     6.760476287E-16     1.967349435E-09     3.399823267E-01

   82     6.681339802E-16     1.904697104E-09     3.370467268E-01

   83     6.601545219E-16     1.841523757E-09     3.338844658E-01

   84     6.521975026E-16     1.778528059E-09     3.305073971E-01

   85     6.442542094E-16     1.715641031E-09     3.268887938E-01

   86     6.363259739E-16     1.652873216E-09     3.230024778E-01

   87     6.286282117E-16     1.591930055E-09     3.189359054E-01

   88     6.206414109E-16     1.528437937E-09     3.144880386E-01

   89     6.147456223E-16     1.479715692E-09     3.117938441E-01

   90     6.093029203E-16     1.434304291E-09     3.093449194E-01

   91     6.036558762E-16     1.387187954E-09     3.066345715E-01

   92     5.980967319E-16     1.340805013E-09     3.037803513E-01

   93     5.925993231E-16     1.295045439E-09     3.007662509E-01

   94     5.853570118E-16     1.251503122E-09     2.980317564E-01

   95     5.771203834E-16     1.211159575E-09     2.955878862E-01

   96     5.685453645E-16     1.169158568E-09     2.928644184E-01

   97     5.603661006E-16     1.129095996E-09     2.900778360E-01

   98     5.520562300E-16     1.088393703E-09     2.870366756E-01

   99     5.437043431E-16     1.047485612E-09     2.837420014E-01

  100     5.436361949E-16     1.010065325E-09     2.808995009E-01

  101     5.549454210E-16     9.775815630E-10     2.788838031E-01

  102     5.663837358E-16     9.449928684E-10     2.767276355E-01

  103     5.778293764E-16     9.123833020E-10     2.744159101E-01

  104     5.892365181E-16     8.798834217E-10     2.719414732E-01

  105     6.004968044E-16     8.478019448E-10     2.693128285E-01

  106     6.121591690E-16     8.145749139E-10     2.663720442E-01

  107     6.234299892E-16     7.824634251E-10     2.632926701E-01

  108     6.349127829E-16     7.497480064E-10     2.598841160E-01

  109     6.462637206E-16     7.174082561E-10     2.562091607E-01

  110     6.577092292E-16     6.847990657E-10     2.521521368E-01

  111     6.691960664E-16     6.520721266E-10     2.476724911E-01

  112     6.854482641E-16     6.232660172E-10     2.440582759E-01

  113     7.066970445E-16     5.981781870E-10     2.414912007E-01

  114     7.276721883E-16     5.734145740E-10     2.387371316E-01

  115     7.497259874E-16     5.473774821E-10     2.355726911E-01

  116     7.706360736E-16     5.226906771E-10     2.322811952E-01

  117     7.918836054E-16     4.976054781E-10     2.286020429E-01

  118     8.136157600E-16     4.723847194E-10     2.245107368E-01

  119     1.020577829E-15     4.512524665E-10     2.216130658E-01

  120     1.382158922E-15     4.334067317E-10     2.198553685E-01

  121     1.745335042E-15     4.154822746E-10     2.179379241E-01

  122     2.105728474E-15     3.976951564E-10     2.158643112E-01

  123     2.467431585E-15     3.798433993E-10     2.135878986E-01

  124     2.829006972E-15     3.619979460E-10     2.110878882E-01

  125     3.189981044E-15     3.441821705E-10     2.083334365E-01

  126     3.553565130E-15     3.262375785E-10     2.052549579E-01

  127     3.913084317E-15     3.084936083E-10     2.018587400E-01

  128     4.276304527E-15     2.905669753E-10     1.980063414E-01

  129     4.636795159E-15     2.727750598E-10     1.936822317E-01

  130     4.999257592E-15     2.548858266E-10     1.887258324E-01

  131     5.359876763E-15     2.370875671E-10     1.830523727E-01

  132     5.749201481E-15     2.192518462E-10     1.764698411E-01

  133     7.798319672E-15     2.060051612E-10     1.726457201E-01

  134     1.084692330E-14     1.953932666E-10     1.707274024E-01

  135     1.387216328E-14     1.848626987E-10     1.686060726E-01

  136     1.691328510E-14     1.742768476E-10     1.662152239E-01

  137     1.995957834E-14     1.636729953E-10     1.635102553E-01

  138     2.300246938E-14     1.530809857E-10     1.604341912E-01

  139     2.603647298E-14     1.425199124E-10     1.569118896E-01

  140     2.907944958E-14     1.319276050E-10     1.528127317E-01

  141     3.210890880E-14     1.213823503E-10     1.480211253E-01

  142     3.515305096E-14     1.107859856E-10     1.422874668E-01

  143     3.843494536E-14     1.002620245E-10     1.354362708E-01

  144     5.251333643E-14     9.253729804E-11     1.315103785E-01

  145     7.229290570E-14     8.637077147E-11     1.295149425E-01

  146     9.210478366E-14     8.019417226E-11     1.272086169E-01

  147     1.119276031E-13     7.401416192E-11     1.245157656E-01

  148     1.317935576E-13     6.782070367E-11     1.213246914E-01

  149     1.515830908E-13     6.165107074E-11     1.175084379E-01

  150     1.713460862E-13     5.548971125E-11     1.128503865E-01

  151     1.862625759E-13     5.083931020E-11     1.085869569E-01

  152     1.961519965E-13     4.775616040E-11     1.053026299E-01

  153     2.060756543E-13     4.466233672E-11     1.015511250E-01

  154     2.919695397E-13     4.213380192E-11     9.873477212E-02

  155     4.805762745E-13     4.035799163E-11     9.768024112E-02

  156     6.700880926E-13     3.858261970E-11     9.653773668E-02

  157     8.597370547E-13     3.680596300E-11     9.528406612E-02

  158     1.049151504E-12     3.503150324E-11     9.390501932E-02

  159     1.238298374E-12     3.325955020E-11     9.238108283E-02

  160     1.427593284E-12     3.148621030E-11     9.068422667E-02

  161     1.616755694E-12     2.971411169E-11     8.878623392E-02

  162     1.806428021E-12     2.793723609E-11     8.664136557E-02

  163     1.995679973E-12     2.616429863E-11     8.421089320E-02

  164     2.184661692E-12     2.439389275E-11     8.143135630E-02

  165     2.376634222E-12     2.262110593E-11     7.821954451E-02

  166     2.826443396E-12     2.123476913E-11     7.619905232E-02

  167     3.450572259E-12     2.011032020E-11     7.514574898E-02

  168     4.077180835E-12     1.898140374E-11     7.396272174E-02

  169     4.702515256E-12     1.785478284E-11     7.263295594E-02

  170     5.328302455E-12     1.672734620E-11     7.112290784E-02

  171     5.952516779E-12     1.560274329E-11     6.939924847E-02

  172     6.578219205E-12     1.447545938E-11     6.740269822E-02

  173     7.204500187E-12     1.334713313E-11     6.506658116E-02

  174     7.830011370E-12     1.222019376E-11     6.230272958E-02

  175     8.607838462E-12     1.115243282E-11     5.934804657E-02

  176     1.011835402E-11     1.039866054E-11     5.789571138E-02

  177     1.173027200E-11     9.685206950E-12     5.651605096E-02

  178     1.335089924E-11     8.967898540E-12     5.490763226E-02

  179     1.495699238E-11     8.257023090E-12     5.303793145E-02

  180     1.657960289E-11     7.538836858E-12     5.079093692E-02

  181     1.782349734E-11     6.916823729E-12     4.898656581E-02

  182     1.869535757E-11     6.385275669E-12     4.783141159E-02

  183     1.957234717E-11     5.850600390E-12     4.645770556E-02

  184     2.044288112E-11     5.319860930E-12     4.482102300E-02

  185     2.131741035E-11     4.786685665E-12     4.281138148E-02

  186     2.254681687E-11     4.266268166E-12     4.048152957E-02

  187     2.650219625E-11     3.845475414E-12     3.915180885E-02

  188     3.104676145E-11     3.444427012E-12     3.787863430E-02

  189     3.560303130E-11     3.042345699E-12     3.626521767E-02

  190     4.015321367E-11     2.640801594E-12     3.416363196E-02

  191     4.555255977E-11     2.268478937E-12     3.231794075E-02

  192     5.186862943E-11     1.924770977E-12     3.100112332E-02

  193     5.831446654E-11     1.582446079E-12     2.912104719E-02

  194     1.839753492E-10     1.356093647E-12     2.737579709E-02

  195     4.177674230E-10     1.234679790E-12     2.620489525E-02

  196     6.515558113E-10     1.113267847E-12     2.477861898E-02

  197     8.813382014E-10     9.960689837E-13     2.304445933E-02

  198     1.040384288E-09     9.437303580E-13     2.173112152E-02

  199     1.176584244E-09     9.125583197E-13     2.055608182E-02

  200     1.255729959E-09     9.073357944E-13     1.953364041E-02

  201     1.297221730E-09     9.094666441E-13     1.859831929E-02

  202     1.226936287E-09     8.754402272E-13     1.773906698E-02

  203     1.081099806E-09     7.837763787E-13     1.684874785E-02

  204     9.457631811E-10     6.842930425E-13     1.578348568E-02

  205     8.838071156E-10     5.901570211E-13     1.476430532E-02

  206     8.326316267E-10     5.023215849E-13     1.378812754E-02

  207     7.880074841E-10     4.226654117E-13     1.294954923E-02

  208     7.430666803E-10     3.421326133E-13     1.172033467E-02

  209     7.115286719E-10     2.767584782E-13     1.074094867E-02

  210     6.862360889E-10     2.182829062E-13     9.775284960E-03

  211     7.431813460E-10     1.733983322E-13     8.700281559E-03

  212     8.878663824E-10     1.435351181E-13     7.788232871E-03

  213     9.067115082E-10     1.330444349E-13     7.010441941E-03

  214     8.051397263E-10     1.240467875E-13     6.427769654E-03

  215     5.970036779E-10     7.854139382E-14     5.692584500E-03

  216     6.599498594E-10     4.409407564E-14     5.024081648E-03

  217     1.122039189E-09     3.687498604E-14     3.623333712E-03

  218     2.130475774E-09     7.751015898E-14     3.037037994E-03

  219     2.064719274E-09     1.086238720E-13     2.954740132E-03

  220     1.399337166E-09     7.817260776E-14     2.877726983E-03




