
*FILE TYPE =     6

                Single scattering parameters.


Scattering algorithm =     1   (Full Mie scattering calculation         )
Scattering type      =     1   (Aerosol             )
Component            =     6   (Sulphuric Acid      )

Number density   =  9.99966E+07 m-3
Effective radius =  2.80100E-08 m
Volume fraction  =  2.67458E-15

    Wavelength (m)      Absorption (m-1)    Scattering (m-1)     Moments of pf
     2.000000000E-07     2.107017693E-15     2.393069111E-08     5.396213253E-01
     2.500000000E-07     1.532736251E-15     1.321722677E-08     4.919557626E-01
     3.000000000E-07     1.158379751E-15     7.671481956E-09     4.475443245E-01
     3.370000000E-07     9.614224704E-16     5.304136293E-09     4.169493453E-01
     4.000000000E-07     7.992280087E-16     2.942568126E-09     3.695597980E-01
     4.880000000E-07     6.201517530E-16     1.524821958E-09     3.140819156E-01
     5.150000000E-07     5.902888357E-16     1.275659520E-09     2.994210780E-01
     5.500000000E-07     5.388151503E-16     1.023538024E-09     2.816910892E-01
     6.330000000E-07     6.749616329E-16     6.356455560E-10     2.452501609E-01
     6.940000000E-07     8.228807222E-16     4.610097526E-10     2.225165577E-01
     8.600000000E-07     5.852410886E-15     2.127786816E-10     1.737701270E-01
     1.060000000E-06     3.920348708E-14     9.668680901E-11     1.327098604E-01
     1.300000000E-06     2.118058774E-13     4.287586846E-11     9.913832267E-02
     1.536000000E-06     2.449363979E-12     2.191412651E-11     7.678304425E-02
     1.800000000E-06     8.425063326E-12     1.114813064E-11     5.915483290E-02
     2.000000000E-06     1.739579949E-11     7.177578778E-12     4.949068339E-02
     2.250000000E-06     2.224499402E-11     4.221164633E-12     4.012501443E-02
     2.500000000E-06     4.247367478E-11     2.436025740E-12     3.282512915E-02
     2.700000000E-06     6.114661261E-11     1.419881569E-12     2.791072210E-02
     3.000000000E-06     9.272360918E-10     9.701004358E-13     2.263807547E-02
     3.200000000E-06     1.214747351E-09     9.030936734E-13     2.022979210E-02
     3.392000000E-06     1.313494407E-09     9.133150083E-13     1.856340499E-02
     3.500000000E-06     1.244210348E-09     8.886013414E-13     1.777896248E-02
     3.750000000E-06     9.491175405E-10     6.989563796E-13     1.589183232E-02
     4.000000000E-06     8.543088493E-10     5.410164368E-13     1.410637403E-02
     4.500000000E-06     7.293467771E-10     3.179533176E-13     1.120798494E-02
     5.000000000E-06     6.730490862E-10     1.877950147E-13     9.033298986E-03
     5.500000000E-06     9.400079818E-10     1.329939508E-13     7.380551315E-03
     6.000000000E-06     8.632243388E-10     1.331103702E-13     6.527479918E-03
     6.200000000E-06     7.073619046E-10     1.104337710E-13     6.137183070E-03
     6.500000000E-06     5.435893775E-10     6.968423088E-14     5.454657600E-03
     7.200000000E-06     7.478676567E-10     2.475907424E-14     4.108449218E-03
     7.900000000E-06     2.008009834E-09     6.479978648E-14     3.159516256E-03
     8.200000000E-06     2.474992087E-09     9.928441775E-14     2.903225574E-03
     8.500000000E-06     2.421051958E-09     1.194813074E-13     2.861504303E-03
     8.700000000E-06     2.096727571E-09     1.188024420E-13     2.976383163E-03
     9.000000000E-06     1.524960008E-09     8.796662507E-14     3.094193813E-03
     9.200000000E-06     1.448763291E-09     7.121693735E-14     2.911114494E-03
     9.500000000E-06     1.653768835E-09     8.614548095E-14     2.728957340E-03
     9.800000000E-06     1.193056033E-09     8.098970883E-14     2.998365989E-03
     1.000000000E-05     8.202860518E-10     5.869677160E-14     2.966997891E-03
     1.059100000E-05     6.733671851E-10     3.317720718E-14     2.445988566E-03
     1.100000000E-05     9.540147302E-10     3.202621434E-14     2.161869496E-03
     1.150000000E-05     5.905105205E-10     3.125833907E-14     2.265038971E-03
     1.250000000E-05     3.289093428E-10     1.554829289E-14     1.797068837E-03
     1.300000000E-05     3.243753997E-10     1.203108419E-14     1.618712015E-03
     1.400000000E-05     3.135046402E-10     8.044220169E-15     1.359972409E-03
     1.480000000E-05     3.191826487E-10     6.077150438E-15     1.197550710E-03
     1.500000000E-05     3.292421710E-10     5.532398769E-15     1.153548851E-03
     1.640000000E-05     6.202539182E-10     4.619585715E-15     9.104161856E-04
     1.720000000E-05     7.010825756E-10     6.590071466E-15     8.931412570E-04
     1.800000000E-05     3.917623553E-10     5.730514069E-15     9.473603490E-04
     1.850000000E-05     2.887279300E-10     4.630876776E-15     8.958521186E-04
     2.000000000E-05     2.274793168E-10     2.800814381E-15     7.295981489E-04
     2.130000000E-05     2.742299729E-10     2.123956931E-15     6.260087226E-04
     2.250000000E-05     2.594736155E-10     1.981037967E-15     5.865396353E-04
     2.500000000E-05     1.419059341E-10     1.317994342E-15     4.942575001E-04
     2.790000000E-05     1.154874333E-10     8.305501095E-16     3.950880467E-04
     3.000000000E-05     1.074013163E-10     6.212466145E-16     3.416419404E-04
     3.500000000E-05     9.876228999E-11     3.271893063E-16     2.482138488E-04
     4.000000000E-05     1.007670276E-10     1.918270162E-16     1.886840977E-04
     1.000000000E-02     3.909243084E-13     4.223082112E-26     3.103848569E-09

